                     CLIMATOLOGICAL SUMMARY for year 2025


NAME: Barigazzo, Modena, Italy                  
ELEV: 1217 meters    LAT: 44-15.89 N    LONG: 010-39.17 E


                                       TEMPERATURE (C)

                              HEAT    COOL                              MAX    MAX    MIN    MIN
          MEAN   MEAN         DEG     DEG                                >=     <=     <=     <=
 YR  MO   MAX    MIN    MEAN  DAYS    DAYS      HI  DAY     LOW  DAY     30      0      0    -20
------------------------------------------------------------------------------------------------
2025 01
2025 02
2025 03
2025 04   12.9    5.1    8.5  157.5    0.0    18.0   29     2.4   18      0      0      0      0
2025 05   15.9    5.9   10.4  247.4    0.0    24.1   31     1.3   08      0      0      0      0
2025 06   25.4   13.2   18.5   27.0   33.3    30.3   30     9.6   17      1      0      0      0
2025 07   27.4   15.6   19.7    0.0    8.1    29.1   05    14.5   05      0      0      0      0
2025 08
2025 09
2025 10
2025 11
2025 12
------------------------------------------------------------------------------------------------
          19.6    9.1   13.7  431.8   41.3    30.3  Jun     1.3  May      1      0      0      0


                  PRECIPITATION (cm)

                  MAX         ---DAYS OF RAIN---
                  OBS.               OVER
 YR  MO  TOTAL    DAY  DATE   0.03   0.30   3.00
------------------------------------------------
2025 01
2025 02
2025 03
2025 04   5.67   2.61    17      8      5      0
2025 05  12.33   2.49    16     17     11      0
2025 06   2.61   0.93    14      3      3      0
2025 07   1.68   0.99    05      4      2      0
2025 08
2025 09
2025 10
2025 11
2025 12
------------------------------------------------
         22.29   2.61   Apr     32     21      0


           WIND SPEED (km/h)

                                DOM
 YR  MO    AVG     HI   DATE    DIR
-----------------------------------
2025 01
2025 02
2025 03
2025 04    3.0   36.7     17    108
2025 05    2.7   42.8     22     72
2025 06    2.6   31.7     02     58
2025 07    2.5   39.2     05     47
2025 08
2025 09
2025 10
2025 11
2025 12
-----------------------------------
           2.7   42.8    May     64
